3855, 3655, 4255, 3455, 4056, 3456, 4256, 3656, 3856, 3857, 4257, 4057, 3657, 3457, 3858, 3658, 4058, 3258, 4258, 3458, 3859, 3259, 3459, 3059, 3659, 4259, 4059, 3460, 3260, 3060, 4060, 3660, 3860, 4260, 2860, 3261, 3461, 3661, 3061, 3861, 4061, 3462, 3662, 3262, 3862, 4062, 1934, 4154, 4155, 3955, 3555, 3755, 3556, 4156, 3756, 3356, 3956, 3957, 3757, 3557, 4157, 3357, 3558, 4158, 3958, 3758, 3358, 3959, 4159, 2959, 3759, 3359, 3559, 3159, 4160, 3760, 3160, 2960, 3560, 3360, 3960, 3161, 2961, 3961, 3361, 3561, 4161, 3761, 3362, 3962, 3162, 3762, 3963
4451, 4452, 4253, 4453, 4653, 4254, 4454, 4654, 4255, 4455, 4655, 4656, 4456, 4256, 4457, 4857, 4257, 4657, 4458, 4658, 4659, 4459, 4259, 4460, 4260, 4351, 4352, 4353, 4553, 4354, 4154, 4554, 4755, 4155, 4355, 4555, 4356, 4156, 4756, 4556, 4757, 4157, 4557, 4357, 4558, 4358, 4758, 4359, 4759, 4559
4459, 4259, 4460, 4260, 4660, 4661, 4461, 4261, 4462, 4262, 4463, 4263, 4663, 4558, 4359, 4559, 4760, 4560, 4160, 4360, 4561, 4361, 4161, 4562, 4362, 4563, 4363
4458, 4258, 4459, 4259, 4059, 4060, 4460, 4260, 4461, 4261, 4462, 4558, 4158, 4358, 4159, 4359, 4559, 4560, 4160, 4360, 4561, 4361, 4161, 4362
2257, 4458, 4459, 4259, 4059, 4060, 4460, 4260, 4461, 4261, 4061, 4462, 4558, 4358, 4159, 4359, 4559, 4560, 4160, 4360, 4561, 4361, 4161, 4562
4458, 4459, 4259, 4460, 4260, 4261, 4558, 4358, 4359, 4559, 4560, 4160, 4360, 4361, 4161
4458, 4459, 4259, 4060, 4460, 4260, 4461, 4261, 4061, 4358, 4159, 4359, 4560, 4160, 4360, 4561, 4361, 4161
4457, 4458, 4459, 4259, 4460, 4260, 4461, 4261, 4462, 4463, 4357, 4558, 4358, 4159, 4359, 4559, 4560, 4160, 4360, 4561, 4361, 4161, 4562, 4362, 4563, 4363
4458, 4459, 4259, 4460, 4260, 4261, 4558, 4358, 4359, 4559, 4560, 4160, 4360, 4361, 4161
3810, 3811, 4011, 3612, 4012, 3812, 4013, 3813, 4014, 4214, 4015, 4016, 4254, 4454, 4855, 4455, 4655, 4656, 4856, 4456, 4256, 4457, 4857, 4657, 4458, 4658, 4858, 4659, 4459, 4259, 3911, 3912, 4112, 3913, 4113, 3914, 4114, 4115, 4353, 4354, 4755, 4355, 4555, 4356, 4956, 4756, 4556, 4757, 4557, 4357, 4558, 4358, 4758, 4359, 4759, 4559
4458, 4459, 4259, 4059, 4060, 4460, 4260, 4461, 4261, 4558, 4358, 4159, 4359, 4559, 4560, 4160, 4360, 4561, 4361, 4161
4458, 4459, 4259, 4059, 4060, 4460, 4260, 4261, 4558, 4358, 4159, 4359, 4559, 4560, 4160, 4360, 4361, 4161
4458, 4459, 4259, 4460, 4260, 4461, 4261, 4462, 4262, 4463, 4558, 4359, 4559, 4560, 4160, 4360, 4561, 4361, 4161, 4562, 4362
4457, 4458, 4658, 4258, 4659, 4459, 4259, 4059, 4060, 4460, 4260, 4461, 4261, 4061, 4462, 4357, 4558, 4158, 4358, 4159, 4359, 4559, 4560, 4160, 4360, 4561, 4361, 4161, 4562, 4362
4257, 4458, 4258, 4459, 4259, 4059, 4060, 4460, 4260, 4461, 4261, 4462, 4262, 4463, 4263, 4264, 4464, 4265, 4558, 4158, 4358, 4159, 4359, 4559, 4560, 4160, 4360, 4561, 4361, 4161, 4162, 4562, 4362, 4363, 4364, 4366
4259, 4460, 4260, 4461, 4261, 4462, 4463, 4560, 4160, 4360, 4561, 4361, 4161, 4562
4259, 4460, 4260, 4461, 4261, 4061, 4462, 4062, 4262, 4063, 4463, 4263, 4264, 4464, 4265, 4560, 4160, 4360, 4561, 4361, 4161, 4162, 4562, 4362, 4563, 4363, 4163, 4164, 4364, 4165
4254, 4456, 4256, 4457, 2257, 4257, 4458, 4258, 4459, 4259, 4059, 4060, 4460, 4260, 4461, 4261, 4061, 4462, 4262, 4463, 4464, 4356, 4156, 4157, 4357, 4558, 4158, 4358, 3959, 4159, 4359, 4559, 4560, 4160, 4360, 3960, 4561, 4361, 4161, 4562, 4362, 4363
4458, 4459, 4259, 4059, 4060, 4460, 4260, 4461, 4261, 4061, 4462, 4062, 4262, 4463, 4464, 4558, 4358, 4159, 4359, 4559, 4560, 4160, 4360, 4561, 4361, 4161, 4562, 4362, 4563, 4363
4458, 4258, 4459, 4259, 4059, 4060, 4460, 4260, 4461, 4261, 4462, 4262, 4463, 4263, 4464, 4558, 4158, 4358, 4159, 4359, 4559, 4560, 4160, 4360, 4561, 4361, 4161, 4562, 4362, 4563, 4363, 4364
4458, 4459, 4259, 4460, 4260, 4461, 4261, 4462, 4463, 4358, 4159, 4359, 4560, 4160, 4360, 4561, 4361, 4161, 4562, 4362
4257, 4458, 4258, 4459, 4259, 4059, 4060, 4460, 4260, 4461, 4261, 4462, 4262, 4463, 4464, 4157, 4558, 4158, 4358, 4159, 4359, 4559, 4560, 4160, 4360, 4561, 4361, 4161, 4562, 4362, 4563, 4363
2257, 4458, 4658, 4659, 4459, 4259, 4059, 4060, 4460, 4260, 4660, 4661, 4461, 4261, 4462, 4262, 4463, 4263, 4464, 4664, 1075, 4558, 4358, 4159, 4359, 4559, 4560, 4160, 4360, 4561, 4361, 4161, 4562, 4362, 4563, 4363, 4364
4652, 4852, 4853, 4653, 4854, 4654, 4855, 4255, 4655, 4656, 4856, 4456, 4256, 4457, 4857, 4257, 4657, 4458, 4658, 4858, 4659, 4459, 4259, 4460, 4660, 1075, 4752, 4952, 4953, 4753, 4754, 4954, 4755, 4955, 4555, 4356, 4956, 4756, 4556, 4757, 4557, 4957, 4357, 4558, 4358, 4758, 4359, 4759, 4559, 4560, 4360, 580
2257, 4458, 4258, 4459, 4259, 4059, 4060, 4460, 4260, 4461, 4261, 4462, 4262, 4463, 4263, 4558, 4358, 4159, 4359, 4559, 4560, 4160, 4360, 4561, 4361, 4161, 4562, 4362, 4363
2257, 4057, 4458, 4058, 4258, 4459, 4259, 4059, 4060, 4460, 4260, 4660, 4661, 4461, 4261, 4061, 4462, 4262, 4463, 4263, 4264, 4464, 4157, 4558, 4158, 4358, 3959, 4159, 4359, 4559, 4560, 4160, 4360, 3960, 4561, 4361, 4161, 4162, 4562, 4362, 4563, 4363, 4564, 4364
4458, 4459, 4259, 4059, 4060, 4460, 4260, 4461, 4261, 4462, 4262, 4463, 4558, 4358, 4159, 4359, 4559, 4560, 4160, 4360, 4561, 4361, 4161, 4562, 4362, 4363
2257, 4458, 4459, 4259, 4060, 4460, 4260, 4461, 4261, 4462, 4262, 4463, 4464, 4558, 4358, 4159, 4359, 4559, 4560, 4160, 4360, 4561, 4361, 4161, 4562, 4362
4458, 4459, 4259, 4460, 4260, 4261, 4358, 4159, 4359, 4560, 4160, 4360, 4361, 4161
4459, 4259, 4460, 4260, 4461, 4261, 4462, 4262, 4463, 4263, 4264, 4464, 4265, 4558, 4358, 4159, 4359, 4559, 4560, 4160, 4360, 4561, 4361, 4161, 4562, 4362, 4563, 4363, 4564, 4364, 4365, 4165
